10

10 10
4923855504
5838032271
8849952171
9366505638
9421192153
2079571237
7211616568
6119729910
3375311255
9749238818
9229221957

10 10
3506493307
8982681962
4877936912
9837249187
6207411742
1089033978
7979664808
8211142885
4456829369
7938656549
9930317414

10 10
9037468155
4831557592
8293553041
3432067320
1060599850
3789229982
4995865860
4295251055
8283555591
9613700465
3464126517

10 10
8381782079
1354401470
5769762844
9961720659
1706396923
5124251160
2528299886
3694286134
5951355286
0521501350
2976866954

10 10
0585433644
1930798109
9965375482
7575102549
0078013181
4419850622
2534632129
6033088560
5839926524
2827147058
3548376226

10 10
2690249723
7966189264
6719721663
5959147767
5249696352
7264665473
3806799654
2169063823
9401453303
1195612600
3973100632

10 10
5088994171
5304943809
3255382018
2954696646
7268635307
3158976310
0913005687
7172991273
2232060629
9678210175
8520247470

10 10
5736592080
7339722886
7737517074
2819547833
2070444295
3586917260
9355411823
3552077884
9523967550
0458974699
9727019072

10 10
7131946621
1761860075
6365945961
7243729747
5226800259
2689200084
5445418722
3946071494
4171632329
3097388181
4107559430

10 10
4181620711
4186037056
1713437810
7569963607
8839984900
0372222361
7402724936
6495217612
7201396405
8303449299
5209808327
