226 1
104 1
383 1
65 10
152 6
458 2
65 1
65 10
161 9
16 1
72 1
56 2
247 1
99 6
65 1
172 2
265 3
99 6
217 1
172 2
329 6
75 1
253 1
328 8
163 2
286 6
362 1
201 1
99 6
328 1
217 38
395 2
217 6
94 1
172 2
315 1
161 1
75 1
402 1
389 1
458 1
34 1
16 1
99 2
217 6
147 2
89 1
34 2
329 1
53 1
328 7
389 2
117 1
375 1
458 1
394 1
104 1
152 2
94 1
328 9
217 1
383 1
53 6
394 1
383 1
152 6
395 2
90 1
262 2
328 8
266 9
117 1
329 6
179 2
34 1
68 1
328 9
161 2
34 1
395 2
201 1
362 1
329 6
394 1
53 1
34 6
104 1
328 2
315 6
394 1
53 1
402 10
65 1
56 8
375 1
94 2
99 6
40 1
217 1
329 1
179 1
329 1
201 1
328 8
266 1
214 2
72 1
90 1
247 7
72 2
152 1
65 10
329 1
90 1
402 1
34 6
247 1
373 2
362 6
226 1
123 4
394 6
402 1
383 1
117 1
217 6
94 2
53 6
166 1
214 2
201 1
53 6
99 6
394 6
373 2
383 1
99 6
75 1
419 1
402 10
419 1
172 2
400 1
75 1
266 2
217 1
395 2
433 1
328 7
53 1
266 2
94 2
402 1
389 2
58 1
372 1
147 1
362 6
247 7
16 1
152 2
329 1
161 1
58 1
315 1
265 3
104 1
179 1
201 1
179 1
419 1
265 3
75 1
90 1
72 1
99 2
315 6
266 9
266 2
161 9
53 6
201 1
27 1
56 2
56 2
458 8
217 38
217 1
179 9
372 1
161 9
72 2
395 2
217 38
394 6
328 8
362 1
56 8
179 9
226 1
318 2
34 6
161 9
152 2
179 2
226 2
99 6
375 1
329 6
458 1
56 2
104 1
27 1
99 1
56 2
329 1
75 6
372 1
16 1
68 6
217 1
104 1
375 1
179 1
16 1
89 1
58 1
389 1
172 1
40 1
217 1
419 1
394 1
247 1
65 1
104 1
372 1
217 38
172 1
400 1
389 1
94 2
179 2
75 6
389 2
389 1
402 10
152 6
65 1
161 2
75 6
226 2
400 1
147 2
400 1
328 2
166 1
104 1
383 8
318 1
123 5
68 6
27 1
247 9
34 2
217 38
89 1
247 1
458 2
472 1
328 7
161 7
172 1
163 2
152 2
152 6
94 2
265 3
179 1
117 1
161 7
217 1
400 1
123 5
123 3
68 6
328 7
201 1
163 2
72 2
201 1
94 2
179 9
53 6
266 9
247 7
89 1
253 1
395 2
315 6
179 9
400 1
94 2
99 6
389 1
328 2
34 6
147 1
265 3
226 1
328 8
458 8
172 2
172 2
147 2
262 2
262 2
247 7
389 1
34 1
53 6
68 6
400 1
375 1
253 1
389 1
247 9
65 10
34 6
147 1
27 1
34 6
90 1
179 2
161 2
34 6
400 1
34 2
328 7
56 8
161 1
34 1
265 3
179 1
265 3
94 1
266 9
217 6
104 1
328 2
201 1
328 7
34 6
90 1
458 1
56 1
458 2
362 6
262 2
226 2
328 9
401 1
373 2
99 2
402 1
56 8
217 38
226 2
172 1
362 1
247 7
318 2
152 2
40 1
328 2
117 1
328 2
328 1
27 1
394 6
226 1
72 2
53 6
262 2
99 1
217 1
266 1
402 1
201 1
253 1
395 2
179 1
458 8
266 1
286 1
99 6
315 6
68 1
247 7
34 6
402 1
329 6
315 6
328 7
72 1
147 1
161 7
172 2
75 1
383 8
56 2
383 1
99 6
166 1
329 6
214 2
328 9
266 2
329 1
90 1
90 1
266 2
172 2
458 8
179 9
161 2
389 1
262 2
395 2
362 6
247 7
147 1
329 6
362 6
318 1
65 10
389 1
123 5
217 38
53 6
217 6
152 1
394 1
458 2
217 6
123 3
56 2
161 1
75 1
34 6
68 6
458 2
394 1
226 2
89 1
401 1
152 2
395 2
226 2
147 1
271 191
184 467
317 411
212 96
432 371
373 265
146 80
225 215
96 14
271 158
77 215
185 196
5 100
430 187
36 239
438 462
418 252
283 13
206 422
132 54
93 246
160 361
202 392
240 441
199 468
344 440
171 190
142 49
417 317
468 340
330 242
248 173
437 388
361 76
366 133
378 415
255 57
381 86
341 307
444 137
300 150
287 67
59 460
402 2
351 267
301 462
77 392
451 328
119 122
411 210
209 400
347 360
332 99
165 94
82 232
1 54
164 429
236 409
438 394
208 314
71 235
228 240
45 415
93 398
305 303
301 18
422 189
365 107
391 293
147 72
7 196
332 239
250 283
162 383
124 203
88 258
263 296
368 238
20 11
104 187
276 213
19 129
233 183
301 75
317 361
252 318
142 196
68 428
294 207
22 424
397 198
274 177
152 179
249 96
368 135
153 368
200 295
197 269
442 7
442 7
172 405
200 87
176 258
60 51
202 95
306 437
249 412
472 96
50 333
351 188
11 297
35 408
53 445
103 421
37 71
6 193
67 357
363 63
386 29
436 66
237 308
255 318
110 96
109 293
2 238
394 289
178 89
335 316
188 196
405 106
283 331
332 160
205 418
24 419
294 435
90 450
371 173
209 460
84 149
217 180
91 148
298 158
225 1
10 242
297 17
31 250
63 305
417 95
208 162
308 400
457 25
425 371
443 442
317 377
26 341
10 215
235 217
320 167
101 293
61 99
28 92
168 198
267 49
298 159
249 302
213 66
45 423
204 186
57 350
83 404
138 318
199 3
401 358
356 302
127 190
257 300
8 20
235 71
372 44
312 335
346 290
311 89
218 306
437 297
234 198
393 321
148 272
78 312
154 388
222 131
300 237
54 401
332 200
436 2
221 421
382 384
88 388
168 149
126 405
249 308
195 343
105 408
277 416
169 106
283 45
437 406
403 89
448 221
194 104
137 239
458 63
454 125
134 208
405 155
302 49
426 94
453 151
219 308
384 467
414 421
257 432
333 213
446 399
127 199
154 25
467 266
40 168
392 267
139 339
374 213
100 60
346 94
109 316
295 361
432 352
285 252
15 338
349 190
175 388
153 89
274 394
385 416
311 63
254 88
400 26
168 141
212 361
179 219
85 222
160 318
363 125
110 427
343 53
127 388
62 294
450 2
418 168
410 150
402 122
14 94
445 20
90 113
378 159
238 399
218 92
436 191
31 10
121 334
48 23
116 217
148 404
305 413
195 183
294 306
471 372
147 384
304 431
438 18
146 177
155 74
38 68
329 464
141 11
229 467
135 42
325 175
74 388
62 66
403 87
438 447
419 42
353 30
351 55
128 341
454 240
319 129
119 234
233 364
317 462
437 336
16 347
6 440
396 447
359 139
468 151
461 386
130 339
142 106
23 293
226 129
449 105
416 3
121 468
251 288
64 306
381 222
166 322
7 115
234 199
382 214
113 57
174 345
159 411
413 297
336 69
414 298
77 1
111 269
110 91
319 161
194 245
111 463
195 166
92 322
276 333
337 298
471 325
357 95
291 467
202 335
434 157
30 65
245 126
352 280
27 421
95 199
9 377
193 409
297 338
107 25
58 393
422 187
355 83
293 112
416 196
278 62
307 101
287 429
155 133
180 349
21 260
434 147
402 160
63 257
404 307
330 232
349 96
38 278
285 33
397 68
143 194
423 356
245 95
137 319
414 428
178 317
74 454
135 292
76 27
297 278
302 131
34 17
80 290
411 89
377 350
398 273
305 195
400 76
203 399
107 345
276 213
232 88
17 14
155 194
164 130
244 59
447 107
94 222
292 469
388 100
441 24
412 355
88 459
107 275
272 93
439 114
200 336
215 289
401 256
467 352
352 207
402 294
409 458
286 329
338 286
94 81
437 137
342 275
431 347
74 161
468 139
246 108
166 267
365 183
175 252
374 414
275 260
467 457
270 421
21 36
191 151
283 343
343 200
417 386
91 399
338 388
225 15
272 368
363 186
450 266
13 72
423 469
30 113
43 20
254 127
139 338
304 233
101 326
203 377
288 192
301 299
67 237
364 16
255 186
360 214
456 299
281 96
311 151
62 148
191 334
227 96
323 83
317 429
396 305
33 202
190 298
436 163
105 454
